2490	|	1652	|	2865	|	10_13_37
4174	|	3075	|	5190	|	10_13_37
2491	|	3267	|	5139	|	10_13_37
2900	|	3250	|	4931	|	10_13_37
2491	|	2951	|	5555	|	10_13_38
3064	|	3245	|	5500	|	10_13_38
2668	|	3262	|	5319	|	10_13_38
2668	|	3284	|	5581	|	10_13_38
3225	|	3599	|	5140	|	10_13_38
2667	|	3598	|	5166	|	10_13_38
2655	|	3598	|	5371	|	10_13_38
3019	|	3443	|	5527	|	10_13_39
3019	|	3754	|	4933	|	10_13_39
3064	|	3951	|	4957	|	10_13_39
2694	|	3793	|	5526	|	10_13_39
2872	|	3949	|	4728	|	10_13_39
2681	|	3928	|	5294	|	10_13_39
3064	|	3930	|	5346	|	10_13_40
3434	|	3773	|	5320	|	10_13_40
2872	|	3617	|	5294	|	10_13_40
2872	|	4084	|	4934	|	10_13_40
3019	|	4830	|	5064	|	10_13_40
3520	|	7734	|	5190	|	10_13_40
2745	|	8685	|	5086	|	10_13_40
3538	|	7106	|	4637	|	10_13_41
2794	|	7120	|	4927	|	10_13_41
3499	|	6724	|	4800	|	10_13_41
5131	|	6595	|	5442	|	10_13_41
4544	|	4806	|	6564	|	10_13_41
2852	|	4555	|	4471	|	10_13_41
2829	|	5662	|	3041	|	10_13_42
1360	|	3003	|	1777	|	10_13_42
3521	|	3576	|	1875	|	10_13_42
4345	|	3742	|	5921	|	10_13_42
4968	|	3260	|	5293	|	10_13_42
4203	|	6402	|	2967	|	10_13_42
1162	|	2018	|	3405	|	10_13_43
7544	|	7356	|	7808	|	10_13_43
1423	|	5966	|	4447	|	10_13_43
4087	|	2585	|	8652	|	10_13_43
6771	|	7914	|	3782	|	10_13_43
8715	|	10427	|	10062	|	10_13_43
2872	|	4977	|	5761	|	10_13_43
2393	|	5813	|	4242	|	10_13_44
2442	|	7543	|	4142	|	10_13_44
2816	|	6617	|	5162	|	10_13_44
2710	|	6837	|	4791	|	10_13_44
2568	|	6410	|	4928	|	10_13_44
2727	|	7108	|	4821	|	10_13_44
2817	|	7296	|	4617	|	10_13_45
2711	|	6671	|	5279	|	10_13_45
2712	|	6179	|	5405	|	10_13_45
3019	|	7384	|	4993	|	10_13_45
2729	|	7353	|	5306	|	10_13_45
2835	|	7139	|	5065	|	10_13_45
2854	|	7357	|	4878	|	10_13_45
2873	|	6882	|	4451	|	10_13_46
10271	|	11344	|	8821	|	10_13_46
11676	|	11289	|	7250	|	10_13_46
1084	|	19556	|	3428	|	10_13_46
6898	|	7959	|	1805	|	10_13_46
8624	|	12525	|	10489	|	10_13_46
5595	|	2986	|	5170	|	10_13_47
1999	|	6337	|	5424	|	10_13_47
6760	|	3154	|	4017	|	10_13_47
2574	|	3660	|	8009	|	10_13_47
544	|	2011	|	2310	|	10_13_47
4362	|	7194	|	3383	|	10_13_47
5820	|	3125	|	5193	|	10_13_48
3510	|	3925	|	4191	|	10_13_48
5484	|	3785	|	4328	|	10_13_48
1703	|	3602	|	1695	|	10_13_48
1563	|	3381	|	1315	|	10_13_48
1088	|	5793	|	1219	|	10_13_48
1308	|	5776	|	2176	|	10_13_48
1807	|	2873	|	2404	|	10_13_49
1771	|	4533	|	2667	|	10_13_49
2281	|	6182	|	2934	|	10_13_49
2500	|	7452	|	2727	|	10_13_49
3382	|	7046	|	2892	|	10_13_49
3456	|	3319	|	3339	|	10_13_49
3978	|	3961	|	3184	|	10_13_50
4009	|	4832	|	3539	|	10_13_50
4335	|	4515	|	3631	|	10_13_50
4625	|	4128	|	4291	|	10_13_50
4943	|	3084	|	9379	|	10_13_50
4711	|	2740	|	5763	|	10_13_50
5789	|	2714	|	4981	|	10_13_50
4711	|	3070	|	5346	|	10_13_51
5324	|	3436	|	5372	|	10_13_51
4709	|	3284	|	4612	|	10_13_51
8838	|	3775	|	5581	|	10_13_51
3079	|	3817	|	5346	|	10_13_51
2502	|	3160	|	5821	|	10_13_51
2885	|	3443	|	4363	|	10_13_52
2694	|	3657	|	5214	|	10_13_52
3094	|	3157	|	5424	|	10_13_52
3502	|	3299	|	5424	|	10_13_52
3109	|	3139	|	5029	|	10_13_52
3502	|	3285	|	4820	|	10_13_52
3485	|	3657	|	5005	|	10_13_53
3305	|	3320	|	4777	|	10_13_53
3289	|	3322	|	5735	|	10_13_53
2551	|	3337	|	5214	|	10_13_53
2551	|	3339	|	5005	|	10_13_53
2747	|	3880	|	4819	|	10_13_53
2928	|	3336	|	5216	|	10_13_53
2733	|	3335	|	5008	|	10_13_54
3094	|	3657	|	5164	|	10_13_54
3257	|	4584	|	5527	|	10_13_54
3400	|	8294	|	4909	|	10_13_54
2799	|	8717	|	4429	|	10_13_54
3097	|	7850	|	4717	|	10_13_54
2170	|	8037	|	5060	|	10_13_55
3607	|	6429	|	4514	|	10_13_55
4560	|	6259	|	5372	|	10_13_55
4148	|	4493	|	6562	|	10_13_55
3073	|	4629	|	4412	|	10_13_55
2854	|	5950	|	3215	|	10_13_55
1466	|	2940	|	1777	|	10_13_55
3850	|	3914	|	1942	|	10_13_56
4391	|	4132	|	5965	|	10_13_56
4710	|	3171	|	5124	|	10_13_56
4115	|	6763	|	3115	|	10_13_56
1080	|	1752	|	3175	|	10_13_56
7072	|	7359	|	8081	|	10_13_56
1697	|	5117	|	5241	|	10_13_57
4902	|	4429	|	10306	|	10_13_57
6927	|	8739	|	2206	|	10_13_57
11755	|	11147	|	11245	|	10_13_57
2999	|	5911	|	5379	|	10_13_57
2044	|	4268	|	3772	|	10_13_57
3124	|	6896	|	4332	|	10_13_58
2694	|	5765	|	5203	|	10_13_58
2854	|	6193	|	4502	|	10_13_58
2746	|	7139	|	4843	|	10_13_58
3040	|	6735	|	4385	|	10_13_58
2602	|	6899	|	5017	|	10_13_58
2764	|	6650	|	5129	|	10_13_58
2584	|	6749	|	4844	|	10_13_59
2745	|	6958	|	4824	|	10_13_59
2854	|	6900	|	4857	|	10_13_59
2873	|	6729	|	4506	|	10_13_59
2892	|	6957	|	4571	|	10_13_59
2457	|	6405	|	4365	|	10_13_59
3229	|	6660	|	5657	|	10_14_00
9395	|	15853	|	7618	|	10_14_00
9870	|	17464	|	9606	|	10_14_00
5668	|	13135	|	1590	|	10_14_00
7544	|	12842	|	8694	|	10_14_00
5024	|	2795	|	9381	|	10_14_00
6000	|	4707	|	8842	|	10_14_00
2419	|	6819	|	3340	|	10_14_01
5191	|	6968	|	9922	|	10_14_01
1033	|	2312	|	4865	|	10_14_01
3878	|	7769	|	2115	|	10_14_01
3966	|	2831	|	3868	|	10_14_01
4963	|	3619	|	4330	|	10_14_01
4845	|	3821	|	5391	|	10_14_02
3812	|	4083	|	2360	|	10_14_02
1905	|	2728	|	992	|	10_14_02
1369	|	5887	|	1306	|	10_14_02
1307	|	6038	|	1549	|	10_14_02
1639	|	3982	|	2304	|	10_14_02
1594	|	3755	|	2278	|	10_14_03
1792	|	4079	|	2799	|	10_14_03
2664	|	7018	|	2657	|	10_14_03
3187	|	5907	|	3394	|	10_14_03
3699	|	6151	|	3717	|	10_14_03
4150	|	3655	|	3664	|	10_14_03
4137	|	4584	|	3028	|	10_14_03
4001	|	4720	|	3348	|	10_14_04
4263	|	3785	|	3764	|	10_14_04
4678	|	3164	|	4567	|	10_14_04
4862	|	3449	|	3484	|	10_14_04
4979	|	2779	|	3880	|	10_14_04
4463	|	2548	|	6318	|	10_14_04
4561	|	2661	|	5500	|	10_14_05
4443	|	3118	|	4728	|	10_14_05
5797	|	5670	|	5089	|	10_14_05
4710	|	3285	|	5268	|	10_14_05
4194	|	3283	|	5321	|	10_14_05
7762	|	3145	|	5351	|	10_14_05
2707	|	3111	|	5372	|	10_14_05
2872	|	3111	|	5346	|	10_14_06
2503	|	2953	|	5164	|	10_14_06
3804	|	3266	|	4933	|	10_14_06
3034	|	3788	|	4933	|	10_14_06
3225	|	3478	|	4933	|	10_14_06
3241	|	3499	|	4933	|	10_14_06
2887	|	2985	|	5214	|	10_14_07
3628	|	2969	|	6214	|	10_14_07
2886	|	3145	|	5008	|	10_14_07
3451	|	2968	|	6003	|	10_14_07
3467	|	2822	|	5424	|	10_14_07
3273	|	2982	|	5664	|	10_14_07
3433	|	2809	|	5791	|	10_14_08
2886	|	2809	|	5608	|	10_14_08
3432	|	3441	|	5973	|	10_14_08
3400	|	4779	|	5890	|	10_14_08
3728	|	8065	|	5837	|	10_14_08
3466	|	8801	|	5542	|	10_14_08
3412	|	6596	|	5456	|	10_14_08
3000	|	7283	|	6129	|	10_14_09
3565	|	8210	|	4747	|	10_14_09
5032	|	5931	|	6330	|	10_14_09
4486	|	3762	|	6796	|	10_14_09
2946	|	5259	|	4615	|	10_14_09
2494	|	5588	|	2831	|	10_14_09
1297	|	2504	|	1560	|	10_14_10
4094	|	3491	|	1807	|	10_14_10
3823	|	4018	|	5767	|	10_14_10
3605	|	3064	|	4656	|	10_14_10
4202	|	6988	|	3377	|	10_14_10
1188	|	2268	|	4013	|	10_14_10
6863	|	4351	|	6094	|	10_14_10
2046	|	5199	|	7358	|	10_14_11
5656	|	7435	|	10585	|	10_14_11
6281	|	8923	|	1284	|	10_14_11
12292	|	13483	|	10459	|	10_14_11
2550	|	6063	|	5262	|	10_14_11
2314	|	3654	|	3544	|	10_14_11
2618	|	6455	|	4063	|	10_14_12
2892	|	7084	|	4677	|	10_14_12
2729	|	6650	|	4814	|	10_14_12
2710	|	6435	|	4817	|	10_14_12
2586	|	6246	|	4647	|	10_14_12
3059	|	7379	|	5052	|	10_14_12
2618	|	6478	|	5157	|	10_14_13
3166	|	6914	|	4913	|	10_14_13
3039	|	6462	|	5017	|	10_14_13
2728	|	7369	|	4984	|	10_14_13
2359	|	6688	|	4730	|	10_14_13
2601	|	6699	|	4955	|	10_14_13
3019	|	7352	|	4707	|	10_14_13
3358	|	6056	|	4967	|	10_14_14
9456	|	15148	|	7433	|	10_14_14
9954	|	17338	|	9191	|	10_14_14
5743	|	12603	|	1530	|	10_14_14
7478	|	12637	|	9298	|	10_14_14
4671	|	3072	|	9172	|	10_14_14
5183	|	4825	|	8237	|	10_14_15
2374	|	5724	|	3304	|	10_14_15
5061	|	7027	|	8656	|	10_14_15
997	|	1999	|	4555	|	10_14_15
3702	|	8205	|	2097	|	10_14_15
3766	|	2620	|	3999	|	10_14_15
5217	|	3413	|	4141	|	10_14_15
4872	|	3825	|	5845	|	10_14_16
3551	|	4069	|	2337	|	10_14_16
1652	|	2646	|	892	|	10_14_16
1388	|	5023	|	1367	|	10_14_16
1196	|	6005	|	1666	|	10_14_16
1600	|	4079	|	2494	|	10_14_16
1648	|	3749	|	2239	|	10_14_17
2093	|	4227	|	2773	|	10_14_17
2881	|	6807	|	3006	|	10_14_17
2989	|	5592	|	2786	|	10_14_17
3694	|	6354	|	3006	|	10_14_17
3448	|	3385	|	3746	|	10_14_17
4281	|	4794	|	4084	|	10_14_18
4082	|	5149	|	3371	|	10_14_18
4987	|	3930	|	3371	|	10_14_18
4621	|	3094	|	4444	|	10_14_18
4597	|	3539	|	3336	|	10_14_18
5150	|	3578	|	3814	|	10_14_18
5238	|	2194	|	3790	|	10_14_18
4407	|	2683	|	3509	|	10_14_19
4561	|	4059	|	4223	|	10_14_19
4394	|	2565	|	3814	|	10_14_19
4343	|	4384	|	4493	|	10_14_19
4743	|	2414	|	3970	|	10_14_19
4567	|	2839	|	3578	|	10_14_19
4233	|	2977	|	3624	|	10_14_20
4111	|	2480	|	3580	|	10_14_20
5464	|	3031	|	3709	|	10_14_20
5304	|	2811	|	4020	|	10_14_20
4413	|	2670	|	3942	|	10_14_20
4474	|	2877	|	3862	|	10_14_20
5031	|	2721	|	3685	|	10_14_20
6109	|	2701	|	3661	|	10_14_21
5395	|	2396	|	7213	|	10_14_21
5284	|	3196	|	5959	|	10_14_21
5119	|	3075	|	5528	|	10_14_21
4015	|	5368	|	6061	|	10_14_21
4834	|	2899	|	5716	|	10_14_21
4349	|	3373	|	6118	|	10_14_22
8886	|	3079	|	5389	|	10_14_22
3350	|	3754	|	5583	|	10_14_22
3012	|	2897	|	5339	|	10_14_22
2984	|	3081	|	5364	|	10_14_22
3736	|	3429	|	5743	|	10_14_22
2997	|	3428	|	4935	|	10_14_23
2970	|	3595	|	5314	|	10_14_23
2772	|	3592	|	5101	|	10_14_23
2798	|	3428	|	5314	|	10_14_23
2970	|	3775	|	5987	|	10_14_23
2587	|	3779	|	5991	|	10_14_23
2956	|	3567	|	5716	|	10_14_23
2563	|	4375	|	5716	|	10_14_24
2914	|	7143	|	5847	|	10_14_24
2858	|	9355	|	4937	|	10_14_24
2467	|	8763	|	4880	|	10_14_24
2335	|	7085	|	4912	|	10_14_24
2780	|	6389	|	5149	|	10_14_24
